0.23968957130149093
0.213887106365802
0.196277176135639
0.18329779765846438
0.17177569325032988
0.16261659213586857
0.15471906693793877
0.14727529661610111
0.14134594153242502
0.1350975751201486
0.12936935537870517
0.12448365647040786
0.1194856797285073
0.11506426448536199
0.11120586311390177
0.10744838018340674
0.1038714513825307
0.10072908506603444
0.09796205539670255
0.09578538006008194
0.09322558451683549
0.09095254727906128
0.08884536474561917
0.08712317691516806
0.08527711071128473
0.08347758410542071
0.08190034601663114
0.08037053913542488
0.07697998349287967
0.07641886218630692
0.07594977396360615
0.076130512256001
0.07537680269921558
0.07490082117647194
0.07512942759145858
0.07487737955852297
0.07442624950563612
0.07429035261262491
0.07424083441898924
0.07399034794714106
0.07397923244827846
0.07459987525376137
