0.2639650459439434
0.19506878410166467
0.17903440509710394
0.16738929041165707
0.15848149371426007
0.15075988051051284
0.14386345839334858
0.1379918664258126
0.13257349968087254
0.12781785475362462
0.12369194566898527
0.11982420399262195
0.11623709542753055
0.11283010325628763
0.10979834616249591
0.10737301790814477
0.10436280264862274
0.10214461524867349
0.09999903619332969
0.09784774920461993
0.09606517407258874
0.09105267029320985
0.09042349924164557
0.09008357789345652
0.08971241375878018
0.08984711037088207
0.08942002419992323
